layer_name,layer_type,num_rows,keep_ratio,k_p,k_f,original_norm2,err_prune,err_special_fold,err_opt_fold,rel_err_prune,rel_err_special_fold,rel_err_opt_fold
conv1,Conv2d,64,0.25,16,17,21.081134796142578,14.87542724609375,14.554234504699707,11.65282154083252,0.7056274432065038,0.6903914160903158,0.552760639003397
conv1,Conv2d,64,0.4,26,27,21.081134796142578,11.236391067504883,10.928635597229004,8.35106372833252,0.5330069361143175,0.5184083163885809,0.3961391931263869
conv1,Conv2d,64,0.5,32,33,21.081134796142578,9.17330265045166,8.948217391967773,6.662410736083984,0.43514273492194494,0.4244656408916429,0.31603662708437646
conv1,Conv2d,64,0.6,38,39,21.081134796142578,7.236206531524658,7.031661510467529,4.855288505554199,0.3432550762328382,0.33355232431577553,0.23031438072501767
conv1,Conv2d,64,0.7,45,46,21.081134796142578,5.060291290283203,4.82155179977417,3.1556308269500732,0.24003884701734055,0.22871405388747937,0.14968979883983713
conv1,Conv2d,64,0.8,51,52,21.081134796142578,3.3028957843780518,3.054212808609009,1.8284928798675537,0.15667542645675864,0.14487895638179155,0.0867359797064687
conv1,Conv2d,64,0.9,58,59,21.081134796142578,1.3497875928878784,1.1805635690689087,0.6173572540283203,0.06402822267114683,0.05600094968724966,0.029284820765022774
layer1.0.conv1,Conv2d,64,0.25,16,17,21.34923553466797,15.796440124511719,15.465356826782227,14.963576316833496,0.739906592854843,0.7243986231576676,0.7008951815878786
layer1.0.conv1,Conv2d,64,0.4,26,27,21.34923553466797,12.423810005187988,12.105279922485352,11.51231575012207,0.5819323125183371,0.5670123364758511,0.5392378444384011
layer1.0.conv1,Conv2d,64,0.5,32,33,21.34923553466797,10.426750183105469,10.099193572998047,9.533530235290527,0.48838986136875884,0.47304708201839196,0.44655136338767254
layer1.0.conv1,Conv2d,64,0.6,38,39,21.34923553466797,8.43824577331543,8.117179870605469,7.586709022521973,0.39524814645531353,0.38020939238898654,0.3553620929518666
layer1.0.conv1,Conv2d,64,0.7,45,46,21.34923553466797,6.127958297729492,5.808065414428711,5.364128589630127,0.2870340854958766,0.2720502757579905,0.2512562372980327
layer1.0.conv1,Conv2d,64,0.8,51,52,21.34923553466797,4.169419288635254,3.861513614654541,3.504786491394043,0.19529595248807574,0.18087362464965173,0.1641644959934417
layer1.0.conv1,Conv2d,64,0.9,58,59,21.34923553466797,1.9121615886688232,1.6017301082611084,1.4201796054840088,0.08956581070847987,0.07502517388316494,0.06652133296191563
layer1.0.conv2,Conv2d,64,0.25,16,17,21.37588119506836,15.786075592041016,15.441173553466797,14.913105010986328,0.7384994072517127,0.7223643045428807,0.6976603619235561
layer1.0.conv2,Conv2d,64,0.4,26,27,21.37588119506836,12.400288581848145,12.080286979675293,11.527185440063477,0.5801065447869826,0.5651363267523373,0.5392612980429046
layer1.0.conv2,Conv2d,64,0.5,32,33,21.37588119506836,10.393350601196289,10.073026657104492,9.521407127380371,0.48621858001316665,0.4712332822764961,0.4454275845047763
layer1.0.conv2,Conv2d,64,0.6,38,39,21.37588119506836,8.410161972045898,8.097182273864746,7.57846736907959,0.3934416502083765,0.37879992875956153,0.35453356518598267
layer1.0.conv2,Conv2d,64,0.7,45,46,21.37588119506836,6.107796669006348,5.798308849334717,5.406194686889648,0.28573309391406426,0.27125472846810395,0.2529109624793814
layer1.0.conv2,Conv2d,64,0.8,51,52,21.37588119506836,4.145942211151123,3.8469746112823486,3.5383858680725098,0.19395421284936948,0.17996800113998979,0.16553169601676362
layer1.0.conv2,Conv2d,64,0.9,58,59,21.37588119506836,1.8880980014801025,1.5761582851409912,1.4516491889953613,0.08832842886101494,0.07373535952775727,0.06791061270167763
layer1.1.conv1,Conv2d,64,0.25,16,17,21.363359451293945,15.752509117126465,15.397050857543945,14.991409301757812,0.7373610481553902,0.7207223607620088,0.7017346375665559
layer1.1.conv1,Conv2d,64,0.4,26,27,21.363359451293945,12.357040405273438,11.999253273010254,11.50545597076416,0.5784221546918263,0.5616744548237931,0.5385602389453449
layer1.1.conv1,Conv2d,64,0.5,32,33,21.363359451293945,10.351125717163086,9.997026443481445,9.479528427124023,0.4845270586193378,0.4679519841564966,0.4437283587694286
layer1.1.conv1,Conv2d,64,0.6,38,39,21.363359451293945,8.36270809173584,8.035088539123535,7.552454948425293,0.391450984607635,0.37611540251628645,0.35352375012198056
layer1.1.conv1,Conv2d,64,0.7,45,46,21.363359451293945,6.0660600662231445,5.724505424499512,5.33675479888916,0.2839469176209425,0.2679590463078028,0.24980878176282903
layer1.1.conv1,Conv2d,64,0.8,51,52,21.363359451293945,4.117332458496094,3.787956953048706,3.5101723670959473,0.1927286983062354,0.1773109216125311,0.164308070324742
layer1.1.conv1,Conv2d,64,0.9,58,59,21.363359451293945,1.8739221096038818,1.5538198947906494,1.4191774129867554,0.08771663997304419,0.07273293782905184,0.06643044209513584
layer1.1.conv2,Conv2d,64,0.25,16,17,21.409473419189453,15.836167335510254,15.491263389587402,15.027027130126953,0.7396803753854213,0.7235705001367516,0.7018868159857743
layer1.1.conv2,Conv2d,64,0.4,26,27,21.409473419189453,12.444756507873535,12.123953819274902,11.649601936340332,0.5812733580228656,0.5662892114108758,0.5441330437346823
layer1.1.conv2,Conv2d,64,0.5,32,33,21.409473419189453,10.427291870117188,10.097295761108398,9.596423149108887,0.4870410245948009,0.4716274689903454,0.4482325632776913
layer1.1.conv2,Conv2d,64,0.6,38,39,21.409473419189453,8.422234535217285,8.108768463134766,7.668686389923096,0.39338821512855987,0.3787467493650181,0.35819126607054247
layer1.1.conv2,Conv2d,64,0.7,45,46,21.409473419189453,6.101283073425293,5.795517444610596,5.422223091125488,0.2849805295984848,0.27069873841063435,0.25326279563071896
layer1.1.conv2,Conv2d,64,0.8,51,52,21.409473419189453,4.132312774658203,3.8459842205047607,3.5322530269622803,0.19301328406117563,0.1796393654903058,0.16498551635540454
layer1.1.conv2,Conv2d,64,0.9,58,59,21.409473419189453,1.8777762651443481,1.5988383293151855,1.4488619565963745,0.08770772771371783,0.07467901232368172,0.06767387166550999
layer2.0.conv1,Conv2d,128,0.25,32,33,42.66205978393555,31.448787689208984,31.14449691772461,30.230159759521484,0.7371605555025513,0.7300279704134706,0.7085958791634502
layer2.0.conv1,Conv2d,128,0.4,51,52,42.66205978393555,24.997936248779297,24.68764305114746,23.718093872070312,0.5859523983460428,0.5786791162025333,0.5559528534766479
layer2.0.conv1,Conv2d,128,0.5,64,65,42.66205978393555,20.639366149902344,20.333568572998047,19.527767181396484,0.4837873805069797,0.47661947585228126,0.457731466326192
layer2.0.conv1,Conv2d,128,0.6,77,78,42.66205978393555,16.33128547668457,16.02437973022461,15.277154922485352,0.3828058363659726,0.3756119561826363,0.35809698359285463
layer2.0.conv1,Conv2d,128,0.7,90,91,42.66205978393555,12.071488380432129,11.763416290283203,11.09817886352539,0.28295606076145585,0.27573484144599913,0.2601416556006146
layer2.0.conv1,Conv2d,128,0.8,102,103,42.66205978393555,8.188026428222656,7.880425453186035,7.378857135772705,0.1919275925656517,0.18471741620298932,0.17296063933957598
layer2.0.conv1,Conv2d,128,0.9,115,116,42.66205978393555,4.028772830963135,3.725400686264038,3.4269776344299316,0.09443455968528211,0.0873235072364425,0.08032846167733243
layer2.0.conv2,Conv2d,128,0.25,32,33,42.650970458984375,31.636150360107422,31.309585571289062,30.739086151123047,0.7417451471715177,0.7340884681955399,0.7207124672739514
layer2.0.conv2,Conv2d,128,0.4,51,52,42.650970458984375,25.241514205932617,24.916112899780273,24.239696502685547,0.5918157062851901,0.5841863064696509,0.5683269628295055
layer2.0.conv2,Conv2d,128,0.5,64,65,42.650970458984375,20.901309967041016,20.569351196289062,19.97167205810547,0.4900547336230231,0.48227158667045417,0.46825832667304434
layer2.0.conv2,Conv2d,128,0.6,77,78,42.650970458984375,16.579397201538086,16.2337703704834,15.71263599395752,0.3887226251389001,0.3806190151310795,0.3684004332109557
layer2.0.conv2,Conv2d,128,0.7,90,91,42.650970458984375,12.278623580932617,11.937532424926758,11.498496055603027,0.2878861476959932,0.2798888816939482,0.26959517994228627
layer2.0.conv2,Conv2d,128,0.8,102,103,42.650970458984375,8.338027000427246,7.99672794342041,7.669407367706299,0.19549442628616323,0.18749228581118743,0.1798178865609082
layer2.0.conv2,Conv2d,128,0.9,115,116,42.650970458984375,4.121506690979004,3.79640793800354,3.640451431274414,0.09663336253843231,0.08901105642260554,0.08535448061551804
layer2.0.downsample.0,Conv2d,128,0.25,32,33,42.22713088989258,30.215890884399414,29.927669525146484,26.036895751953125,0.7155563318565847,0.7087308300244932,0.6165916367807333
layer2.0.downsample.0,Conv2d,128,0.4,51,52,42.22713088989258,23.710800170898438,23.390573501586914,19.758956909179688,0.5615063034408956,0.5539228692230579,0.467920895708052
layer2.0.downsample.0,Conv2d,128,0.5,64,65,42.22713088989258,19.385107040405273,19.092660903930664,15.84360408782959,0.4590675859781244,0.4521420352643626,0.3751996347831884
layer2.0.downsample.0,Conv2d,128,0.6,77,78,42.22713088989258,15.155345916748047,14.904009819030762,11.914637565612793,0.358900678245597,0.3529486731621201,0.28215598158161065
layer2.0.downsample.0,Conv2d,128,0.7,90,91,42.22713088989258,11.045531272888184,10.785197257995605,8.342724800109863,0.26157427796099747,0.2554091890855207,0.19756788169822745
layer2.0.downsample.0,Conv2d,128,0.8,102,103,42.22713088989258,7.3498334884643555,7.113481521606445,5.3214640617370605,0.17405476842907175,0.16845760940175827,0.12602002432068615
layer2.0.downsample.0,Conv2d,128,0.9,115,116,42.22713088989258,3.5018484592437744,3.2478322982788086,2.3929150104522705,0.0829288750015922,0.07691340211456812,0.05666771480856245
layer2.1.conv1,Conv2d,128,0.25,32,33,42.636173248291016,31.60496711730957,31.26494026184082,30.60218048095703,0.7412711955469969,0.7332961164166865,0.717751574531461
layer2.1.conv1,Conv2d,128,0.4,51,52,42.636173248291016,25.202800750732422,24.867523193359375,24.16347312927246,0.5911131049206585,0.5832494170746466,0.5667364420478568
layer2.1.conv1,Conv2d,128,0.5,64,65,42.636173248291016,20.86199378967285,20.535585403442383,19.908164978027344,0.4893026789290726,0.481647010951329,0.4669313275863781
layer2.1.conv1,Conv2d,128,0.6,77,78,42.636173248291016,16.551889419555664,16.231380462646484,15.6495943069458,0.38821235956533956,0.3806950583515861,0.36704969312819563
layer2.1.conv1,Conv2d,128,0.7,90,91,42.636173248291016,12.267783164978027,11.95075511932373,11.46618938446045,0.28773180682836624,0.2802961478209762,0.2689310158697239
layer2.1.conv1,Conv2d,128,0.8,102,103,42.636173248291016,8.344220161437988,8.028666496276855,7.575355529785156,0.19570753014923659,0.18830645164898022,0.17767437723996019
layer2.1.conv1,Conv2d,128,0.9,115,116,42.636173248291016,4.128921031951904,3.826662540435791,3.5973944664001465,0.09684079778706227,0.08975154777965856,0.08437423418492045
layer2.1.conv2,Conv2d,128,0.25,32,33,42.655662536621094,31.652694702148438,31.309940338134766,30.75,0.742051414040837,0.7340160362356181,0.7208890489885195
layer2.1.conv2,Conv2d,128,0.4,51,52,42.655662536621094,25.242353439331055,24.910654067993164,24.240575790405273,0.5917702817922422,0.583994072219759,0.5682850610887605
layer2.1.conv2,Conv2d,128,0.5,64,65,42.655662536621094,20.889537811279297,20.552913665771484,19.973148345947266,0.4897248470433448,0.48183318329954966,0.46824142817614783
layer2.1.conv2,Conv2d,128,0.6,77,78,42.655662536621094,16.56197738647461,16.224411010742188,15.734565734863281,0.38827148382130233,0.3803577308596033,0.368874020450502
layer2.1.conv2,Conv2d,128,0.7,90,91,42.655662536621094,12.268255233764648,11.937017440795898,11.503512382507324,0.2876114096981146,0.2798460211595033,0.26968312525051585
layer2.1.conv2,Conv2d,128,0.8,102,103,42.655662536621094,8.338366508483887,8.015613555908203,7.623560905456543,0.19548088137946898,0.18791440758953332,0.17872330312327234
layer2.1.conv2,Conv2d,128,0.9,115,116,42.655662536621094,4.13081169128418,3.8107986450195312,3.5938568115234375,0.09684087517660196,0.0893386345071502,0.0842527485873185
layer3.0.conv1,Conv2d,256,0.25,64,65,85.2073974609375,63.226051330566406,62.93210220336914,61.309993743896484,0.7420253782490162,0.7385755706506556,0.7195383918632587
layer3.0.conv1,Conv2d,256,0.4,102,103,85.2073974609375,50.44055938720703,50.15684509277344,48.48933792114258,0.5919739469842511,0.5886442561019113,0.5690742748406562
layer3.0.conv1,Conv2d,256,0.5,128,129,85.2073974609375,41.76276779174805,41.474647521972656,39.84770965576172,0.4901307754516711,0.48674937573332533,0.46765551868931937
layer3.0.conv1,Conv2d,256,0.6,154,155,85.2073974609375,33.138668060302734,32.840087890625,31.435537338256836,0.38891773540548324,0.3854135775673728,0.3689296736550151
layer3.0.conv1,Conv2d,256,0.7,179,180,85.2073974609375,24.89307975769043,24.59402847290039,23.418872833251953,0.2921469320677517,0.2886372451896009,0.27484553608139606
layer3.0.conv1,Conv2d,256,0.8,205,206,85.2073974609375,16.380435943603516,16.07270622253418,15.205215454101562,0.19224194649429313,0.1886304088785549,0.17844947630365363
layer3.0.conv1,Conv2d,256,0.9,230,231,85.2073974609375,8.282125473022461,7.9897894859313965,7.426458835601807,0.09719960613536308,0.0937687304625662,0.08715744239232744
layer3.0.conv2,Conv2d,256,0.25,64,65,85.32769012451172,63.54083251953125,63.18630599975586,62.255130767822266,0.7446683770158469,0.7405134945942314,0.7296005631580844
layer3.0.conv2,Conv2d,256,0.4,102,103,85.32769012451172,50.77337646484375,50.41819763183594,49.458553314208984,0.5950398562383947,0.5908773290155257,0.5796307534170697
layer3.0.conv2,Conv2d,256,0.5,128,129,85.32769012451172,42.08765411376953,41.73812484741211,40.79402160644531,0.493247315758278,0.48915099877316587,0.4780865572115914
layer3.0.conv2,Conv2d,256,0.6,154,155,85.32769012451172,33.44133377075195,33.09315872192383,32.25395584106445,0.3919165480977365,0.38783610189885237,0.3780010427330084
layer3.0.conv2,Conv2d,256,0.7,179,180,85.32769012451172,25.16680145263672,24.82476234436035,24.131752014160156,0.2949429595001677,0.29093442361015054,0.2828126717006714
layer3.0.conv2,Conv2d,256,0.8,205,206,85.32769012451172,16.596010208129883,16.261741638183594,15.736183166503906,0.19449735699996898,0.1905798881283926,0.18442059246583825
layer3.0.conv2,Conv2d,256,0.9,230,231,85.32769012451172,8.404051780700684,8.086471557617188,7.773655891418457,0.0984914951809587,0.09476960580811764,0.09110355477893514
layer3.0.downsample.0,Conv2d,256,0.25,64,65,85.14456176757812,61.59772491455078,61.35942077636719,56.36330795288086,0.7234487280901872,0.7206499100184695,0.6619719073396327
layer3.0.downsample.0,Conv2d,256,0.4,102,103,85.14456176757812,48.38719177246094,48.17074966430664,43.232078552246094,0.5682945659470892,0.5657525115438364,0.5077491463313665
layer3.0.downsample.0,Conv2d,256,0.5,128,129,85.14456176757812,39.617679595947266,39.39283752441406,34.992801666259766,0.46529900176235484,0.4626582920462492,0.41098105316204164
layer3.0.downsample.0,Conv2d,256,0.6,154,155,85.14456176757812,31.078737258911133,30.83220863342285,26.960487365722656,0.3650114183892069,0.36211600592397825,0.3166436799489035
layer3.0.downsample.0,Conv2d,256,0.7,179,180,85.14456176757812,23.05487060546875,22.83718490600586,19.802568435668945,0.27077326052135164,0.26821660047232687,0.23257584541599569
layer3.0.downsample.0,Conv2d,256,0.8,205,206,85.14456176757812,14.91494083404541,14.694449424743652,12.566207885742188,0.17517197251844702,0.17258236016124634,0.14758673513458878
layer3.0.downsample.0,Conv2d,256,0.9,230,231,85.14456176757812,7.339076042175293,7.1061811447143555,5.838531970977783,0.08619547613867586,0.083460188145807,0.0685719892118937
layer3.1.conv1,Conv2d,256,0.25,64,65,85.35469055175781,63.50353240966797,63.16584777832031,62.21160125732422,0.7439958132255236,0.7400395616221874,0.7288597832781085
layer3.1.conv1,Conv2d,256,0.4,102,103,85.35469055175781,50.72355270385742,50.391414642333984,49.31538391113281,0.5942678999357325,0.5903766309336846,0.5777700509760351
layer3.1.conv1,Conv2d,256,0.5,128,129,85.35469055175781,42.02912139892578,41.70415496826172,40.64437484741211,0.49240552718587793,0.4885982797040655,0.4761820889358853
layer3.1.conv1,Conv2d,256,0.6,154,155,85.35469055175781,33.37445831298828,33.0406379699707,32.11567306518555,0.39100907164264753,0.3870980933371828,0.37626137307253293
layer3.1.conv1,Conv2d,256,0.7,179,180,85.35469055175781,25.091629028320312,24.758358001708984,23.981626510620117,0.29396895315442706,0.29006441053987403,0.2809643659369606
layer3.1.conv1,Conv2d,256,0.8,205,206,85.35469055175781,16.547666549682617,16.216386795043945,15.615791320800781,0.1938694457529356,0.18998823251793726,0.1829517653904632
layer3.1.conv1,Conv2d,256,0.9,230,231,85.35469055175781,8.386245727539062,8.059243202209473,7.718252182006836,0.09825172668693313,0.09442062469106449,0.09042563603843895
layer3.1.conv2,Conv2d,256,0.25,64,65,85.34609985351562,63.475006103515625,63.15079116821289,62.15754699707031,0.7437364591054705,0.7399376336657703,0.7282997946450377
layer3.1.conv2,Conv2d,256,0.4,102,103,85.34609985351562,50.671722412109375,50.34844970703125,49.29103469848633,0.593720421894851,0.5899326365639105,0.5775429080307986
layer3.1.conv2,Conv2d,256,0.5,128,129,85.34609985351562,41.967918395996094,41.65181350708008,40.70398712158203,0.49173797593595986,0.4880341758858279,0.47692849692539674
layer3.1.conv2,Conv2d,256,0.6,154,155,85.34609985351562,33.32769012451172,33.011497497558594,32.195491790771484,0.3905004467891788,0.3867956187127251,0.37723448225555056
layer3.1.conv2,Conv2d,256,0.7,179,180,85.34609985351562,25.06743621826172,24.74507713317871,24.08146095275879,0.29371507615797776,0.28993799570982265,0.28216240688316363
layer3.1.conv2,Conv2d,256,0.8,205,206,85.34609985351562,16.523406982421875,16.209835052490234,15.636507034301758,0.19360471082781686,0.1899305894506263,0.18321290675425808
layer3.1.conv2,Conv2d,256,0.9,230,231,85.34609985351562,8.364749908447266,8.048317909240723,7.704692363739014,0.0980097499804228,0.09430211717998256,0.09027585767789056
layer4.0.conv1,Conv2d,512,0.25,128,129,170.451416015625,126.7695541381836,126.46260070800781,124.5013198852539,0.7437283719987567,0.7419275454796761,0.7304211534026862
layer4.0.conv1,Conv2d,512,0.4,205,206,170.451416015625,100.91816711425781,100.60083770751953,98.49860382080078,0.5920641169974605,0.5902024169649469,0.5778690850639315
layer4.0.conv1,Conv2d,512,0.5,256,257,170.451416015625,83.90351867675781,83.58836364746094,81.57393646240234,0.49224301351105537,0.49039407006040087,0.4785758802668122
layer4.0.conv1,Conv2d,512,0.6,307,308,170.451416015625,66.97093963623047,66.65252685546875,64.65349578857422,0.39290339265994334,0.39103533671646834,0.37930747247442953
layer4.0.conv1,Conv2d,512,0.7,358,359,170.451416015625,50.1322021484375,49.81260299682617,48.13531494140625,0.2941143190259092,0.29223930291233213,0.2823990323259841
layer4.0.conv1,Conv2d,512,0.8,410,411,170.451416015625,33.043617248535156,32.740970611572266,31.518293380737305,0.19385944699635763,0.19208388746134533,0.18491071601216896
layer4.0.conv1,Conv2d,512,0.9,461,462,170.451416015625,16.408321380615234,16.097549438476562,15.351810455322266,0.09626391944500544,0.09444069057778275,0.09006560821949987
layer4.0.conv2,Conv2d,512,0.25,128,129,170.7476348876953,127.33683013916016,126.99198150634766,125.5416488647461,0.745760433067858,0.7437407937736487,0.7352467807083697
layer4.0.conv2,Conv2d,512,0.4,205,206,170.7476348876953,101.4896011352539,101.15167236328125,99.65042114257812,0.5943836422800584,0.592404529818589,0.5836123071814173
layer4.0.conv2,Conv2d,512,0.5,256,257,170.7476348876953,84.45511627197266,84.12159729003906,82.63528442382812,0.49461953793691343,0.4926662518363302,0.4839615171137174
layer4.0.conv2,Conv2d,512,0.6,307,308,170.7476348876953,67.49561309814453,67.15621185302734,65.8233642578125,0.3952945710934032,0.39330683495087676,0.38550088439647234
layer4.0.conv2,Conv2d,512,0.7,358,359,170.7476348876953,50.59236145019531,50.25963592529297,49.11790466308594,0.2962990467391896,0.29435040759627445,0.28766374828788654
layer4.0.conv2,Conv2d,512,0.8,410,411,170.7476348876953,33.419639587402344,33.09398651123047,32.17388153076172,0.1957253440692354,0.19381812540476565,0.1884294418011894
layer4.0.conv2,Conv2d,512,0.9,461,462,170.7476348876953,16.645925521850586,16.32583236694336,15.759572982788086,0.09748846906605177,0.09561381261697263,0.09229745989251051
layer4.0.downsample.0,Conv2d,512,0.25,128,129,170.6036376953125,124.87677001953125,124.51933288574219,116.30130004882812,0.7319701485061731,0.7298750165463996,0.6817046905912699
layer4.0.downsample.0,Conv2d,512,0.4,205,206,170.6036376953125,98.52179718017578,98.16001892089844,90.40099334716797,0.577489428192203,0.5753688505529181,0.529889013906131
layer4.0.downsample.0,Conv2d,512,0.5,256,257,170.6036376953125,81.42011260986328,81.09257507324219,73.9238052368164,0.47724722467685327,0.4753273503937149,0.4333073212004994
layer4.0.downsample.0,Conv2d,512,0.6,307,308,170.6036376953125,64.58118438720703,64.264892578125,57.92461395263672,0.3785451779319326,0.37669122092752855,0.33952742588107343
layer4.0.downsample.0,Conv2d,512,0.7,358,359,170.6036376953125,47.992958068847656,47.712806701660156,42.49679183959961,0.2813126303587975,0.27967051199032616,0.24909663365734463
layer4.0.downsample.0,Conv2d,512,0.8,410,411,170.6036376953125,31.36277961730957,31.06494140625,27.418392181396484,0.18383417869038376,0.18208838818390294,0.1607139950342913
layer4.0.downsample.0,Conv2d,512,0.9,461,462,170.6036376953125,15.362470626831055,15.09851360321045,12.992959976196289,0.09004773189108355,0.08850053731078969,0.07615875107775198
layer4.1.conv1,Conv2d,512,0.25,128,129,170.74169921875,127.32569122314453,127.00076293945312,125.56546783447266,0.7457211202989027,0.7438180802965005,0.7354118437910198
layer4.1.conv1,Conv2d,512,0.4,205,206,170.74169921875,101.50680541992188,101.17364501953125,99.5802001953125,0.5945050675047686,0.5925538136405103,0.5832213258445603
layer4.1.conv1,Conv2d,512,0.5,256,257,170.74169921875,84.48129272460938,84.14803314208984,82.62826538085938,0.494790043153864,0.4928382083997037,0.48393723243317444
layer4.1.conv1,Conv2d,512,0.6,307,308,170.74169921875,67.50480651855469,67.16728973388672,65.75668334960938,0.39536215714984313,0.3933853888137406,0.3851237492099897
layer4.1.conv1,Conv2d,512,0.7,358,359,170.74169921875,50.584495544433594,50.24675369262695,49.011260986328125,0.29626327824948023,0.29428519174013884,0.28704915794199826
layer4.1.conv1,Conv2d,512,0.8,410,411,170.74169921875,33.402618408203125,33.075103759765625,32.164642333984375,0.19563245862634016,0.19371427080265044,0.18838188023873323
layer4.1.conv1,Conv2d,512,0.9,461,462,170.74169921875,16.63336944580078,16.30678939819336,15.791001319885254,0.09741831973038129,0.09550560567692083,0.09248473801150484
layer4.1.conv2,Conv2d,512,0.25,128,129,170.61097717285156,127.26844024658203,126.9422836303711,125.61677551269531,0.7459569270132145,0.7440452292923785,0.7362760450368258
layer4.1.conv2,Conv2d,512,0.4,205,206,170.61097717285156,101.45317077636719,101.12161254882812,99.64299011230469,0.5946462089223113,0.5927028508041339,0.5840362194945588
layer4.1.conv2,Conv2d,512,0.5,256,257,170.61097717285156,84.42342376708984,84.0907211303711,82.7265625,0.4948299644375034,0.49287989860802467,0.4848841725827935
layer4.1.conv2,Conv2d,512,0.6,307,308,170.61097717285156,67.44915008544922,67.11581420898438,65.84076690673828,0.39533886507850124,0.3933850876487692,0.3859116687435232
layer4.1.conv2,Conv2d,512,0.7,358,359,170.61097717285156,50.53059768676758,50.197975158691406,49.13795471191406,0.29617436418275345,0.29422476789306584,0.28801168322323595
layer4.1.conv2,Conv2d,512,0.8,410,411,170.61097717285156,33.35162353515625,33.0217170715332,32.213722229003906,0.19548345650330945,0.1935497798484433,0.18881388972039664
layer4.1.conv2,Conv2d,512,0.9,461,462,170.61097717285156,16.600603103637695,16.277629852294922,15.821366310119629,0.09730090864446009,0.09540786954056023,0.09273357771165266
