layer_name,layer_type,num_rows,keep_ratio,k_p,k_f,original_norm2,err_prune,err_special_fold,err_opt_fold,rel_err_prune,rel_err_special_fold,rel_err_opt_fold
transformer.layers.0.1.net.1,Linear,1024,0.25,256,257,977.1715087890625,671.6140747070312,642.3516845703125,603.781494140625,0.6873041924230002,0.6573581800049944,0.617886920269347
transformer.layers.0.1.net.1,Linear,1024,0.4,410,411,977.1715087890625,520.0641479492188,497.6246643066406,465.5371398925781,0.5322137856779067,0.5092500751718709,0.4764129282376278
transformer.layers.0.1.net.1,Linear,1024,0.5,512,513,977.1715087890625,424.26171875,406.20330810546875,377.8664855957031,0.434173238714007,0.41569295098344294,0.3866941291237252
transformer.layers.0.1.net.1,Linear,1024,0.6,614,615,977.1715087890625,331.8763732910156,317.79229736328125,295.2680358886719,0.33962960473774545,0.3252164993605863,0.30216603045925483
transformer.layers.0.1.net.1,Linear,1024,0.7,717,718,977.1715087890625,242.16595458984375,231.73143005371094,213.2561798095703,0.24782338863925985,0.237145094765277,0.21823822930924702
transformer.layers.0.1.net.1,Linear,1024,0.8,819,820,977.1715087890625,156.77505493164062,149.91893005371094,137.1669921875,0.1604376033496111,0.15342130701241438,0.14037146084772884
transformer.layers.0.1.net.1,Linear,1024,0.9,922,923,977.1715087890625,74.60185241699219,71.15440368652344,64.16339874267578,0.07634468641993138,0.07281669906104805,0.06566237161600097
transformer.layers.0.1.net.3,Linear,512,0.25,128,129,702.0445556640625,495.7490234375,495.0526123046875,473.817138671875,0.7061503709954307,0.7051583953050078,0.6749103526964786
transformer.layers.0.1.net.3,Linear,512,0.4,205,206,702.0445556640625,387.81494140625,386.9929504394531,366.0783996582031,0.552407875365427,0.5512370223758766,0.5214461058129428
transformer.layers.0.1.net.3,Linear,512,0.5,256,257,702.0445556640625,318.75537109375,317.82501220703125,299.2611083984375,0.45403866253508646,0.45271344908643474,0.4262708199700616
transformer.layers.0.1.net.3,Linear,512,0.6,307,308,702.0445556640625,251.1686553955078,250.21226501464844,234.1632080078125,0.35776740004475627,0.3564051070490436,0.3335446534249069
transformer.layers.0.1.net.3,Linear,512,0.7,358,359,702.0445556640625,185.19903564453125,184.13861083984375,171.00918579101562,0.2637995468383796,0.26228906606314667,0.24358736836760794
transformer.layers.0.1.net.3,Linear,512,0.8,410,411,702.0445556640625,119.83817291259766,118.67298889160156,109.33786010742188,0.17069881383702631,0.16903911287987844,0.15574205258810023
transformer.layers.0.1.net.3,Linear,512,0.9,461,462,702.0445556640625,58.16133499145508,57.03437805175781,51.651546478271484,0.08284564636562189,0.08124039648425037,0.07357303188458515
transformer.layers.1.1.net.1,Linear,1024,0.25,256,257,531.808837890625,363.12689208984375,352.4237365722656,347.7794189453125,0.6828146999778266,0.6626887547979171,0.6539556964204474
transformer.layers.1.1.net.1,Linear,1024,0.4,410,411,531.808837890625,279.1685485839844,271.2205505371094,266.19940185546875,0.524941536683149,0.5099963205065995,0.5005546784655296
transformer.layers.1.1.net.1,Linear,1024,0.5,512,513,531.808837890625,227.27162170410156,220.99783325195312,216.34083557128906,0.42735585705110757,0.4155587826041448,0.40680188097171677
transformer.layers.1.1.net.1,Linear,1024,0.6,614,615,531.808837890625,177.61395263671875,172.88189697265625,168.80645751953125,0.33398082164487813,0.32508278286306364,0.3174194287351219
transformer.layers.1.1.net.1,Linear,1024,0.7,717,718,531.808837890625,129.53970336914062,126.16222381591797,122.7347183227539,0.24358320911504397,0.23723228127672683,0.23078728591568887
transformer.layers.1.1.net.1,Linear,1024,0.8,819,820,531.808837890625,83.86085510253906,81.64584350585938,79.25839233398438,0.15768984854626727,0.15352479629654284,0.14903549299473118
transformer.layers.1.1.net.1,Linear,1024,0.9,922,923,531.808837890625,40.087318420410156,38.907997131347656,37.260498046875,0.07537918809212184,0.07316162191977281,0.0700637059637174
transformer.layers.1.1.net.3,Linear,512,0.25,128,129,303.6082458496094,215.99673461914062,215.55047607421875,199.3502960205078,0.7114323723807336,0.7099625224968048,0.6566036948787447
transformer.layers.1.1.net.3,Linear,512,0.4,205,206,303.6082458496094,168.87303161621094,168.40635681152344,155.1564483642578,0.5562201749285204,0.5546830796385634,0.5110416152567664
transformer.layers.1.1.net.3,Linear,512,0.5,256,257,303.6082458496094,138.668212890625,138.18458557128906,127.36001586914062,0.4567340142642684,0.4551410821685588,0.41948800011257825
transformer.layers.1.1.net.3,Linear,512,0.6,307,308,303.6082458496094,109.26280975341797,108.7806625366211,100.21122741699219,0.3598809032595929,0.35829284620452956,0.3300675419291189
transformer.layers.1.1.net.3,Linear,512,0.7,358,359,303.6082458496094,80.6810073852539,80.14649963378906,73.68480682373047,0.265740501083817,0.2639799831836227,0.24269698807926918
transformer.layers.1.1.net.3,Linear,512,0.8,410,411,303.6082458496094,52.28801727294922,51.7669563293457,47.41912841796875,0.17222199326842325,0.1705057653637911,0.1561852455135805
transformer.layers.1.1.net.3,Linear,512,0.9,461,462,303.6082458496094,25.338537216186523,24.83359146118164,22.862411499023438,0.08345800077096004,0.08179485175604492,0.07530234047183357
transformer.layers.2.1.net.1,Linear,1024,0.25,256,257,423.3472595214844,296.2237854003906,291.0077209472656,285.68304443359375,0.6997182070700463,0.6873972002941413,0.6748196380354641
transformer.layers.2.1.net.1,Linear,1024,0.4,410,411,423.3472595214844,230.51760864257812,226.73544311523438,220.95619201660156,0.5445118716562275,0.5355779162749672,0.5219265911071482
transformer.layers.2.1.net.1,Linear,1024,0.5,512,513,423.3472595214844,189.18594360351562,186.21029663085938,180.37127685546875,0.44688122894041,0.43985237282824413,0.4260598664541848
transformer.layers.2.1.net.1,Linear,1024,0.6,614,615,423.3472595214844,149.16702270507812,146.86399841308594,141.3174591064453,0.3523514546277772,0.3469114187229852,0.3338097883665965
transformer.layers.2.1.net.1,Linear,1024,0.7,717,718,423.3472595214844,109.82089233398438,108.12933349609375,103.39654541015625,0.2594108969976953,0.25541522016302626,0.24423577355154463
transformer.layers.2.1.net.1,Linear,1024,0.8,819,820,423.3472595214844,71.94314575195312,70.84626770019531,67.18556213378906,0.16993884838955026,0.16734788310729562,0.1587008315814537
transformer.layers.2.1.net.1,Linear,1024,0.9,922,923,423.3472595214844,34.89436340332031,34.222434997558594,32.058868408203125,0.08242491859463534,0.08083773835276674,0.075727119255336
transformer.layers.2.1.net.3,Linear,512,0.25,128,129,229.57467651367188,164.73426818847656,164.37344360351562,154.57672119140625,0.7175628892965733,0.7159911802978265,0.6733178220647552
transformer.layers.2.1.net.3,Linear,512,0.4,205,206,229.57467651367188,129.54212951660156,129.153076171875,121.05379486083984,0.5642701167386244,0.5625754466180574,0.527295940036447
transformer.layers.2.1.net.3,Linear,512,0.5,256,257,229.57467651367188,106.84324645996094,106.45938873291016,99.28372955322266,0.46539648049377996,0.46372444186617495,0.4324681234923139
transformer.layers.2.1.net.3,Linear,512,0.6,307,308,229.57467651367188,84.550048828125,84.16972351074219,78.34514617919922,0.3682899617331696,0.3666333098621599,0.3412621434077618
transformer.layers.2.1.net.3,Linear,512,0.7,358,359,229.57467651367188,62.67396926879883,62.320980072021484,57.902565002441406,0.2730003597111304,0.2714627807318726,0.25221668993179713
transformer.layers.2.1.net.3,Linear,512,0.8,410,411,229.57467651367188,40.822593688964844,40.447959899902344,37.27476119995117,0.17781836528705175,0.17618650503681987,0.16236442871664614
transformer.layers.2.1.net.3,Linear,512,0.9,461,462,229.57467651367188,19.910676956176758,19.548843383789062,17.8972110748291,0.08672854192170022,0.08515243789366668,0.07795812389509463
transformer.layers.3.1.net.1,Linear,1024,0.25,256,257,394.5851745605469,276.06298828125,273.8990173339844,265.29119873046875,0.6996283846414247,0.6941442177573656,0.6723293621609732
transformer.layers.3.1.net.1,Linear,1024,0.4,410,411,394.5851745605469,216.45518493652344,214.84170532226562,206.4816131591797,0.5485639068360628,0.5444748540325591,0.5232878133070766
transformer.layers.3.1.net.1,Linear,1024,0.5,512,513,394.5851745605469,178.3197479248047,177.02403259277344,169.11196899414062,0.4519169989683495,0.448633258433814,0.42858165966950523
transformer.layers.3.1.net.1,Linear,1024,0.6,614,615,394.5851745605469,141.08546447753906,140.06747436523438,132.6167449951172,0.35755389095565293,0.35497399141067276,0.33609155524612316
transformer.layers.3.1.net.1,Linear,1024,0.7,717,718,394.5851745605469,104.30196380615234,103.52330780029297,97.75247192382812,0.2643332049216355,0.26235985149616387,0.24773478129961662
transformer.layers.3.1.net.1,Linear,1024,0.8,819,820,394.5851745605469,68.65293884277344,68.06166076660156,63.26545333862305,0.17398762870204854,0.17248914848968275,0.1603340860666708
transformer.layers.3.1.net.1,Linear,1024,0.9,922,923,394.5851745605469,33.429954528808594,33.01118850708008,30.301916122436523,0.08472177031496392,0.08366048862288084,0.07679436044748525
transformer.layers.3.1.net.3,Linear,512,0.25,128,129,217.00823974609375,151.31163024902344,150.94314575195312,142.4302978515625,0.6972621427926545,0.6955641220285516,0.6563358977438382
transformer.layers.3.1.net.3,Linear,512,0.4,205,206,217.00823974609375,119.11778259277344,118.7374267578125,111.65672302246094,0.5489090309757126,0.5471563056625818,0.5145275734833973
transformer.layers.3.1.net.3,Linear,512,0.5,256,257,217.00823974609375,98.27952575683594,97.90629577636719,91.69859313964844,0.4528838438200594,0.4511639552992114,0.42255811690348066
transformer.layers.3.1.net.3,Linear,512,0.6,307,308,217.00823974609375,77.81204223632812,77.45246887207031,72.47309112548828,0.3585672245780648,0.35691026738289783,0.33396469742477985
transformer.layers.3.1.net.3,Linear,512,0.7,358,359,217.00823974609375,57.73225784301758,57.365570068359375,53.509925842285156,0.2660371694206915,0.26434742816898954,0.24658015707096376
transformer.layers.3.1.net.3,Linear,512,0.8,410,411,217.00823974609375,37.64203643798828,37.30040740966797,34.671810150146484,0.17345901926134516,0.1718847517186932,0.15977186023311168
transformer.layers.3.1.net.3,Linear,512,0.9,461,462,217.00823974609375,18.46883201599121,18.114273071289062,16.662826538085938,0.08510659336069593,0.08347274321234675,0.07678430347889993
transformer.layers.4.1.net.1,Linear,1024,0.25,256,257,400.3936767578125,277.7580261230469,276.255859375,265.88385009765625,0.6937123192658593,0.6899605948125396,0.6640560666458335
transformer.layers.4.1.net.1,Linear,1024,0.4,410,411,400.3936767578125,216.95819091796875,215.75962829589844,206.94976806640625,0.541862180928499,0.538868720512801,0.5168657251088026
transformer.layers.4.1.net.1,Linear,1024,0.5,512,513,400.3936767578125,178.48561096191406,177.55458068847656,169.33233642578125,0.44577529896875784,0.44345001181393434,0.4229146119313115
transformer.layers.4.1.net.1,Linear,1024,0.6,614,615,400.3936767578125,141.04861450195312,140.25013732910156,133.12843322753906,0.35227483022233064,0.3502805999954269,0.3324938453213009
transformer.layers.4.1.net.1,Linear,1024,0.7,717,718,400.3936767578125,104.12579345703125,103.42921447753906,97.68666076660156,0.26005853613920626,0.25831880092377346,0.2439765321910656
transformer.layers.4.1.net.1,Linear,1024,0.8,819,820,400.3936767578125,68.41500854492188,67.87091064453125,63.418373107910156,0.1708693531299304,0.16951044580452893,0.158390046569767
transformer.layers.4.1.net.1,Linear,1024,0.9,922,923,400.3936767578125,33.23677062988281,32.827945709228516,30.262615203857422,0.08301022858057484,0.08198917119534149,0.0755821506695833
transformer.layers.4.1.net.3,Linear,512,0.25,128,129,222.56922912597656,148.47927856445312,148.11636352539062,139.53958129882812,0.6671150326912992,0.6654844612035529,0.6269491153237864
transformer.layers.4.1.net.3,Linear,512,0.4,205,206,222.56922912597656,116.59654998779297,116.224853515625,109.05030059814453,0.5238664412221964,0.5221964148954323,0.48996126295796666
transformer.layers.4.1.net.3,Linear,512,0.5,256,257,222.56922912597656,96.1083984375,95.71968078613281,89.52733612060547,0.43181350276907154,0.43006700055538427,0.4022448946432395
transformer.layers.4.1.net.3,Linear,512,0.6,307,308,222.56922912597656,76.0492172241211,75.6460189819336,70.76910400390625,0.3416879212044016,0.33987635792689536,0.31796445664036593
transformer.layers.4.1.net.3,Linear,512,0.7,358,359,222.56922912597656,56.420894622802734,56.02663040161133,52.21247100830078,0.2534981805183317,0.25172675765480435,0.23458980027624557
transformer.layers.4.1.net.3,Linear,512,0.8,410,411,222.56922912597656,36.875648498535156,36.480857849121094,33.78752899169922,0.16568170111989355,0.16390791302275004,0.15180682938239912
transformer.layers.4.1.net.3,Linear,512,0.9,461,462,222.56922912597656,18.113019943237305,17.76043701171875,16.30988311767578,0.08138150998845012,0.07979736049526484,0.07328004496274826
transformer.layers.5.1.net.1,Linear,1024,0.25,256,257,394.86639404296875,275.5509033203125,274.603515625,267.15789794921875,0.6978332607619363,0.6954339993671836,0.6765779564420138
transformer.layers.5.1.net.1,Linear,1024,0.4,410,411,394.86639404296875,215.63214111328125,214.85086059570312,207.11558532714844,0.5460888654146052,0.5441102708080126,0.5245206694004212
transformer.layers.5.1.net.1,Linear,1024,0.5,512,513,394.86639404296875,177.55075073242188,176.88706970214844,169.6070098876953,0.44964766161665576,0.4479668879669204,0.4295301206849194
transformer.layers.5.1.net.1,Linear,1024,0.6,614,615,394.86639404296875,140.52178955078125,139.94117736816406,133.53515625,0.3558717370501018,0.35440133543736285,0.3381780730508783
transformer.layers.5.1.net.1,Linear,1024,0.7,717,718,394.86639404296875,103.92798614501953,103.40569305419922,97.90255737304688,0.26319785049550265,0.26187514210932517,0.24793843905185123
transformer.layers.5.1.net.1,Linear,1024,0.8,819,820,394.86639404296875,68.4095230102539,67.93122100830078,63.575347900390625,0.1732472655113053,0.17203596465316978,0.16100470655264842
transformer.layers.5.1.net.1,Linear,1024,0.9,922,923,394.86639404296875,33.392372131347656,33.01041030883789,30.223289489746094,0.08456625490320645,0.08359893575862459,0.0765405462346265
transformer.layers.5.1.net.3,Linear,512,0.25,128,129,219.45001220703125,139.67898559570312,139.2875518798828,133.44100952148438,0.6364956838732304,0.6347119805510769,0.6080701850022904
transformer.layers.5.1.net.3,Linear,512,0.4,205,206,219.45001220703125,110.31454467773438,109.93700408935547,104.71794128417969,0.5026864367346792,0.5009660422604116,0.47718357466021816
transformer.layers.5.1.net.3,Linear,512,0.5,256,257,219.45001220703125,91.23193359375,90.87376403808594,86.33963012695312,0.41572990894929146,0.41409778529588215,0.39343643346667706
transformer.layers.5.1.net.3,Linear,512,0.6,307,308,219.45001220703125,72.4241943359375,72.05745697021484,68.33078002929688,0.3300259298578294,0.3283547640099247,0.3113728695755686
transformer.layers.5.1.net.3,Linear,512,0.7,358,359,219.45001220703125,53.886962890625,53.52885437011719,50.52610778808594,0.24555461332026504,0.24392276779468827,0.23023971281632521
transformer.layers.5.1.net.3,Linear,512,0.8,410,411,219.45001220703125,35.25520706176758,34.91482162475586,32.78327941894531,0.1606525636850158,0.15910147952881806,0.14938836908342137
transformer.layers.5.1.net.3,Linear,512,0.9,461,462,219.45001220703125,17.317033767700195,16.972875595092773,15.839649200439453,0.07891106313251484,0.07734278719966714,0.07217884857302344
